0.0000000000000000 0.1000000000000000 0.0000000000000000
0.0100000000000000 0.1009036068975010 0.0000000000004382
0.0200000000000000 0.1018144551597543 0.0000000000008737
0.0300000000000000 0.1027325860920897 0.0000000000013059
0.0400000000000000 0.1036580409289008 0.0000000000017350
0.0500000000000000 0.1045908608268249 0.0000000000021609
0.0600000000000000 0.1055310868578151 0.0000000000025837
0.0700000000000000 0.1064787600021039 0.0000000000030033
0.0800000000000000 0.1074339211410592 0.0000000000034198
0.0900000000000000 0.1083966110499317 0.0000000000038333
0.1000000000000000 0.1093668703904929 0.0000000000042434
0.1100000000000000 0.1103447397035663 0.0000000000046504
0.1200000000000000 0.1113302594014477 0.0000000000050541
0.1300000000000000 0.1123234697602187 0.0000000000054547
0.1400000000000000 0.1133244109119500 0.0000000000058520
0.1500000000000000 0.1143331228367973 0.0000000000062462
0.1600000000000000 0.1153496453549881 0.0000000000066372
0.1700000000000000 0.1163740181187000 0.0000000000070246
0.1800000000000000 0.1174062806038313 0.0000000000074091
0.1900000000000000 0.1184464721016637 0.0000000000077902
0.2000000000000000 0.1194946317104173 0.0000000000081681
0.2100000000000000 0.1205507983266985 0.0000000000085426
0.2200000000000000 0.1216150106368410 0.0000000000089138
0.2300000000000000 0.1226873071081410 0.0000000000092817
0.2400000000000000 0.1237677259799858 0.0000000000096462
0.2500000000000000 0.1248563052548783 0.0000000000100076
0.2600000000000000 0.1259530826893557 0.0000000000103655
0.2700000000000000 0.1270580957848055 0.0000000000107199
0.2800000000000000 0.1281713817781776 0.0000000000110711
0.2900000000000000 0.1292929776325944 0.0000000000114190
0.3000000000000000 0.1304229200278597 0.0000000000117634
0.3100000000000000 0.1315612453508664 0.0000000000121049
0.3200000000000000 0.1327079896859057 0.0000000000124424
0.3300000000000000 0.1338631888048772 0.0000000000127767
0.3400000000000000 0.1350268781574015 0.0000000000131075
0.3500000000000000 0.1361990928608375 0.0000000000134351
0.3600000000000000 0.1373798676902045 0.0000000000137592
0.3700000000000000 0.1385692370680104 0.0000000000140800
0.3800000000000000 0.1397672350539882 0.0000000000143974
0.3900000000000000 0.1409738953347421 0.0000000000147112
0.4000000000000000 0.1421892512133039 0.0000000000150217
0.4100000000000000 0.1434133355986026 0.0000000000153290
0.4200000000000000 0.1446461809948477 0.0000000000156326
0.4300000000000000 0.1458878194908287 0.0000000000159327
0.4400000000000000 0.1471382827491329 0.0000000000162293
0.4500000000000000 0.1483976019952817 0.0000000000165229
0.4600000000000000 0.1496658080067904 0.0000000000168127
0.4700000000000000 0.1509429311021503 0.0000000000170991
0.4800000000000000 0.1522290011297378 0.0000000000173822
0.4900000000000000 0.1535240474566510 0.0000000000176615
0.5000000000000000 0.1548280989574774 0.0000000000179376
0.5100000000000000 0.1561411840029943 0.0000000000182104
0.5200000000000000 0.1574633304488046 0.0000000000184795
0.5300000000000000 0.1587945656239104 0.0000000000187453
0.5400000000000000 0.1601349163192276 0.0000000000190076
0.5500000000000000 0.1614844087760436 0.0000000000192663
0.5600000000000001 0.1628430686744208 0.0000000000195216
0.5700000000000001 0.1642109211215499 0.0000000000197734
0.5800000000000000 0.1655879906400547 0.0000000000200218
0.5900000000000000 0.1669743011562516 0.0000000000202670
0.6000000000000000 0.1683698759883684 0.0000000000205087
0.6100000000000000 0.1697747378347232 0.0000000000207469
0.6200000000000000 0.1711889087618694 0.0000000000209815
0.6300000000000000 0.1726124101927077 0.0000000000212127
0.6400000000000000 0.1740452628945704 0.0000000000214405
0.6500000000000000 0.1754874869672807 0.0000000000216650
0.6600000000000000 0.1769391018311909 0.0000000000218858
0.6700000000000000 0.1784001262152035 0.0000000000221033
0.6800000000000000 0.1798705781447780 0.0000000000223173
0.6900000000000001 0.1813504749299288 0.0000000000225281
0.7000000000000001 0.1828398331532169 0.0000000000227352
0.7100000000000000 0.1843386686577409 0.0000000000229391
0.7200000000000000 0.1858469965351290 0.0000000000231393
0.7300000000000000 0.1873648311135394 0.0000000000233364
0.7400000000000000 0.1888921859456713 0.0000000000235299
0.7500000000000000 0.1904290737967907 0.0000000000237203
0.7600000000000000 0.1919755066327778 0.0000000000239070
0.7700000000000000 0.1935314956081974 0.0000000000240904
0.7800000000000000 0.1950970510543996 0.0000000000242706
0.7900000000000000 0.1966721824676539 0.0000000000244473
0.8000000000000000 0.1982568984973227 0.0000000000246209
0.8100000000000001 0.1998512069340776 0.0000000000247910
0.8200000000000001 0.2014551146981649 0.0000000000249576
0.8300000000000001 0.2030686278277244 0.0000000000251211
0.8400000000000000 0.2046917514671670 0.0000000000252811
0.8500000000000000 0.2063244898556163 0.0000000000254378
0.8600000000000000 0.2079668463154186 0.0000000000255915
0.8700000000000000 0.2096188232407281 0.0000000000257418
0.8800000000000000 0.2112804220861711 0.0000000000258886
0.8900000000000000 0.2129516433555960 0.0000000000260326
0.9000000000000000 0.2146324865909126 0.0000000000261732
0.9100000000000000 0.2163229503610292 0.0000000000263105
0.9200000000000000 0.2180230322508901 0.0000000000264445
0.9300000000000000 0.2197327288506206 0.0000000000265754
0.9400000000000001 0.2214520357447857 0.0000000000267031
0.9500000000000001 0.2231809475017664 0.0000000000268276
0.9600000000000000 0.2249194576632616 0.0000000000269490
0.9700000000000000 0.2266675587339195 0.0000000000270673
0.9800000000000000 0.2284252421711056 0.0000000000271824
0.9900000000000000 0.2301924983748123 0.0000000000272942
1.0000000000000000 0.2319693166777173 0.0000000000274030
1.0100000000000000 0.2337556853353948 0.0000000000275090
1.0200000000000000 0.2355515915166878 0.0000000000276116
1.0300000000000000 0.2373570212942451 0.0000000000277115
1.0400000000000000 0.2391719596352315 0.0000000000278080
1.0500000000000000 0.2409963903922146 0.0000000000279017
1.0600000000000001 0.2428302962942371 0.0000000000279925
1.0700000000000001 0.2446736589380775 0.0000000000280799
1.0800000000000001 0.2465264587797090 0.0000000000281648
1.0900000000000001 0.2483886751259583 0.0000000000282465
1.1000000000000001 0.2502602861263747 0.0000000000283252
1.1100000000000001 0.2521412687653122 0.0000000000284009
1.1200000000000001 0.2540315988542329 0.0000000000284739
1.1300000000000001 0.2559312510242360 0.0000000000285441
1.1400000000000001 0.2578401987188197 0.0000000000286113
1.1500000000000001 0.2597584141868818 0.0000000000286757
1.1599999999999999 0.2616858684759639 0.0000000000287371
1.1699999999999999 0.2636225314257463 0.0000000000287957
1.1799999999999999 0.2655683716617998 0.0000000000288519
1.1899999999999999 0.2675233565895982 0.0000000000289050
1.2000000000000000 0.2694874523887997 0.0000000000289555
1.2100000000000000 0.2714606240078018 0.0000000000290035
1.2200000000000000 0.2734428351585750 0.0000000000290487
1.2300000000000000 0.2754340483117822 0.0000000000290912
1.2400000000000000 0.2774342246921880 0.0000000000291312
1.2500000000000000 0.2794433242743645 0.0000000000291682
1.2600000000000000 0.2814613057786987 0.0000000000292027
1.2700000000000000 0.2834881266677059 0.0000000000292346
1.2800000000000000 0.2855237431426567 0.0000000000292643
1.2900000000000000 0.2875681101405197 0.0000000000292912
1.3000000000000000 0.2896211813312281 0.0000000000293156
1.3100000000000001 0.2916829091152722 0.0000000000293378
1.3200000000000001 0.2937532446216258 0.0000000000293574
1.3300000000000001 0.2958321377060084 0.0000000000293744
1.3400000000000001 0.2979195369494894 0.0000000000293892
1.3500000000000001 0.3000153896574393 0.0000000000294013
1.3600000000000001 0.3021196418588308 0.0000000000294113
1.3700000000000001 0.3042322383058951 0.0000000000294191
1.3800000000000001 0.3063531224741379 0.0000000000294243
1.3900000000000001 0.3084822365627177 0.0000000000294273
1.4000000000000001 0.3106195214951919 0.0000000000294282
1.4099999999999999 0.3127649169206338 0.0000000000294263
1.4199999999999999 0.3149183612151232 0.0000000000294229
1.4299999999999999 0.3170797914836160 0.0000000000294170
1.4399999999999999 0.3192491435621937 0.0000000000294091
1.4500000000000000 0.3214263520206984 0.0000000000293990
1.4600000000000000 0.3236113501657538 0.0000000000293866
1.4700000000000000 0.3258040700441769 0.0000000000293723
1.4800000000000000 0.3280044424467823 0.0000000000293559
1.4900000000000000 0.3302123969125803 0.0000000000293374
1.5000000000000000 0.3324278617333735 0.0000000000293171
1.5100000000000000 0.3346507639587522 0.0000000000292947
1.5200000000000000 0.3368810294014900 0.0000000000292701
1.5300000000000000 0.3391185826433430 0.0000000000292440
1.5400000000000000 0.3413633470412528 0.0000000000292159
1.5500000000000000 0.3436152447339543 0.0000000000291857
1.5600000000000001 0.3458741966489904 0.0000000000291538
1.5700000000000001 0.3481401225101339 0.0000000000291200
1.5800000000000001 0.3504129408452164 0.0000000000290846
1.5900000000000001 0.3526925689943662 0.0000000000290471
1.6000000000000001 0.3549789231186538 0.0000000000290081
1.6100000000000001 0.3572719182091458 0.0000000000289674
1.6200000000000001 0.3595714680963669 0.0000000000289249
1.6300000000000001 0.3618774854601692 0.0000000000288806
1.6400000000000001 0.3641898818400080 0.0000000000288349
1.6500000000000001 0.3665085676456234 0.0000000000287877
1.6600000000000001 0.3688334521681265 0.0000000000287389
1.6699999999999999 0.3711644435914887 0.0000000000286882
1.6799999999999999 0.3735014490044318 0.0000000000286362
1.6899999999999999 0.3758443744127185 0.0000000000285828
1.7000000000000000 0.3781931247518390 0.0000000000285277
1.7100000000000000 0.3805476039000942 0.0000000000284714
1.7200000000000000 0.3829077146920692 0.0000000000284135
1.7300000000000000 0.3852733589324979 0.0000000000283544
1.7400000000000000 0.3876444374105132 0.0000000000282940
1.7500000000000000 0.3900208499142801 0.0000000000282320
1.7600000000000000 0.3924024952460084 0.0000000000281688
1.7700000000000000 0.3947892712373413 0.0000000000281043
1.7800000000000000 0.3971810747651149 0.0000000000280387
1.7900000000000000 0.3995778017674855 0.0000000000279718
1.8000000000000000 0.4019793472604193 0.0000000000279035
1.8100000000000001 0.4043856053545401 0.0000000000278341
1.8200000000000001 0.4067964692723303 0.0000000000277636
1.8300000000000001 0.4092118313656793 0.0000000000276921
1.8400000000000001 0.4116315831337741 0.0000000000276193
1.8500000000000001 0.4140556152413270 0.0000000000275455
1.8600000000000001 0.4164838175371336 0.0000000000274706
1.8700000000000001 0.4189160790729556 0.0000000000273949
1.8800000000000001 0.4213522881227219 0.0000000000273180
1.8900000000000001 0.4237923322020412 0.0000000000272401
1.9000000000000001 0.4262360980880198 0.0000000000271614
1.9100000000000001 0.4286834718393777 0.0000000000270817
1.9199999999999999 0.4311343388168542 0.0000000000270009
1.9299999999999999 0.4335885837038990 0.0000000000269195
1.9399999999999999 0.4360460905276372 0.0000000000268373
1.9500000000000000 0.4385067426801039 0.0000000000267542
1.9600000000000000 0.4409704229397380 0.0000000000266703
1.9700000000000000 0.4434370134931288 0.0000000000265855
1.9800000000000000 0.4459063959570055 0.0000000000264999
1.9900000000000000 0.4483784514004632 0.0000000000264138
2.0000000000000000 0.4508530603674143 0.0000000000263268
2.0100000000000002 0.4533301028992588 0.0000000000262394
2.0200000000000000 0.4558094585577627 0.0000000000261510
2.0300000000000002 0.4582910064481369 0.0000000000260622
2.0400000000000000 0.4607746252423059 0.0000000000259725
2.0499999999999998 0.4632601932023587 0.0000000000258822
2.0600000000000001 0.4657475882041707 0.0000000000257918
2.0699999999999998 0.4682366877611874 0.0000000000257003
2.0800000000000001 0.4707273690483614 0.0000000000256085
2.0899999999999999 0.4732195089262313 0.0000000000255162
2.1000000000000001 0.4757129839651326 0.0000000000254237
2.1099999999999999 0.4782076704695323 0.0000000000253304
2.1200000000000001 0.4807034445024748 0.0000000000252370
2.1299999999999999 0.4832001819101300 0.0000000000251428
2.1400000000000001 0.4856977583464340 0.0000000000250485
2.1499999999999999 0.4881960492978102 0.0000000000249535
2.1600000000000001 0.4906949301079622 0.0000000000248586
2.1699999999999999 0.4931942760027268 0.0000000000247630
2.1800000000000002 0.4956939621149772 0.0000000000246671
2.1899999999999999 0.4981938635095658 0.0000000000245708
2.2000000000000002 0.5006938552082955 0.0000000000244744
2.2100000000000000 0.5031938122149097 0.0000000000243778
2.2200000000000002 0.5056936095400900 0.0000000000242810
2.2300000000000000 0.5081931222264506 0.0000000000241838
2.2400000000000002 0.5106922253735191 0.0000000000240866
2.2500000000000000 0.5131907941626938 0.0000000000239890
2.2600000000000002 0.5156887038821651 0.0000000000238913
2.2700000000000000 0.5181858299517931 0.0000000000237935
2.2800000000000002 0.5206820479479276 0.0000000000236957
2.2900000000000000 0.5231772336281630 0.0000000000235975
2.3000000000000003 0.5256712629560161 0.0000000000234993
2.3100000000000001 0.5281640121255159 0.0000000000234010
2.3199999999999998 0.5306553575856974 0.0000000000233026
2.3300000000000001 0.5331451760649860 0.0000000000232044
2.3399999999999999 0.5356333445954653 0.0000000000231058
2.3500000000000001 0.5381197405370156 0.0000000000230075
2.3599999999999999 0.5406042416013154 0.0000000000229089
2.3700000000000001 0.5430867258756944 0.0000000000228107
2.3799999999999999 0.5455670718468290 0.0000000000227123
2.3900000000000001 0.5480451584242697 0.0000000000226143
2.3999999999999999 0.5505208649637929 0.0000000000225160
2.4100000000000001 0.5529940712905648 0.0000000000224179
2.4199999999999999 0.5554646577221102 0.0000000000223198
2.4300000000000002 0.5579325050910766 0.0000000000222219
2.4399999999999999 0.5603974947677843 0.0000000000221241
2.4500000000000002 0.5628595086825535 0.0000000000220264
2.4600000000000000 0.5653184293478001 0.0000000000219288
2.4700000000000002 0.5677741398798912 0.0000000000218314
2.4800000000000000 0.5702265240207529 0.0000000000217342
2.4900000000000002 0.5726754661592209 0.0000000000216372
2.5000000000000000 0.5751208513521265 0.0000000000215402
2.5100000000000002 0.5775625653451103 0.0000000000214437
2.5200000000000000 0.5800004945931561 0.0000000000213471
2.5300000000000002 0.5824345262808363 0.0000000000212508
2.5400000000000000 0.5848645483422636 0.0000000000211549
2.5500000000000003 0.5872904494807404 0.0000000000210592
2.5600000000000001 0.5897121191880985 0.0000000000209637
2.5699999999999998 0.5921294477637253 0.0000000000208686
2.5800000000000001 0.5945423263332666 0.0000000000207736
2.5899999999999999 0.5969506468670019 0.0000000000206788
2.6000000000000001 0.5993543021978858 0.0000000000205846
2.6099999999999999 0.6017531860392493 0.0000000000204907
2.6200000000000001 0.6041471930021566 0.0000000000203970
2.6299999999999999 0.6065362186124095 0.0000000000203037
2.6400000000000001 0.6089201593271979 0.0000000000202107
2.6499999999999999 0.6112989125513885 0.0000000000201179
2.6600000000000001 0.6136723766534485 0.0000000000200258
2.6699999999999999 0.6160404509810002 0.0000000000199337
2.6800000000000002 0.6184030358760007 0.0000000000198421
2.6899999999999999 0.6207600326895445 0.0000000000197510
2.7000000000000002 0.6231113437962853 0.0000000000196601
2.7100000000000000 0.6254568726084714 0.0000000000195695
2.7200000000000002 0.6277965235895943 0.0000000000194798
2.7300000000000000 0.6301302022676457 0.0000000000193900
2.7400000000000002 0.6324578152479809 0.0000000000193009
2.7500000000000000 0.6347792702257857 0.0000000000192120
2.7600000000000002 0.6370944759981449 0.0000000000191237
2.7700000000000000 0.6394033424757105 0.0000000000190357
2.7800000000000002 0.6417057806939668 0.0000000000189482
2.7900000000000000 0.6440017028240926 0.0000000000188610
2.8000000000000003 0.6462910221834178 0.0000000000187742
2.8100000000000001 0.6485736532454733 0.0000000000186878
2.8199999999999998 0.6508495116496344 0.0000000000186022
2.8300000000000001 0.6531185142103566 0.0000000000185168
2.8399999999999999 0.6553805789260022 0.0000000000184319
2.8500000000000001 0.6576356249872604 0.0000000000183474
2.8599999999999999 0.6598835727851573 0.0000000000182634
2.8700000000000001 0.6621243439186596 0.0000000000181801
2.8799999999999999 0.6643578612018697 0.0000000000180967
2.8900000000000001 0.6665840486708146 0.0000000000180142
2.8999999999999999 0.6688028315898291 0.0000000000179320
2.9100000000000001 0.6710141364575345 0.0000000000178504
2.9199999999999999 0.6732178910124131 0.0000000000177690
2.9300000000000002 0.6754140242379822 0.0000000000176882
2.9399999999999999 0.6776024663675672 0.0000000000176080
2.9500000000000002 0.6797831488886767 0.0000000000175283
2.9600000000000000 0.6819560045469828 0.0000000000174489
2.9700000000000002 0.6841209673499056 0.0000000000173703
2.9800000000000000 0.6862779725698089 0.0000000000172919
2.9900000000000002 0.6884269567468063 0.0000000000172142
3.0000000000000000 0.6905678576911815 0.0000000000171369
3.0100000000000002 0.6927006144854265 0.0000000000170601
3.0200000000000000 0.6948251674859012 0.0000000000169837
3.0300000000000002 0.6969414583241151 0.0000000000169079
3.0400000000000000 0.6990494299076391 0.0000000000168323
3.0500000000000003 0.7011490264206457 0.0000000000167576
3.0600000000000001 0.7032401933240868 0.0000000000166830
3.0700000000000003 0.7053228773555090 0.0000000000166094
3.0800000000000001 0.7073970265285124 0.0000000000165359
3.0899999999999999 0.7094625901318569 0.0000000000164628
3.1000000000000001 0.7115195187282198 0.0000000000163904
3.1099999999999999 0.7135677641526105 0.0000000000163183
3.1200000000000001 0.7156072795104447 0.0000000000162470
3.1299999999999999 0.7176380191752857 0.0000000000161760
3.1400000000000001 0.7196599387862550 0.0000000000161054
3.1499999999999999 0.7216729952451184 0.0000000000160352
3.1600000000000001 0.7236771467130532 0.0000000000159657
3.1699999999999999 0.7256723526070997 0.0000000000158965
3.1800000000000002 0.7276585735963054 0.0000000000158278
3.1899999999999999 0.7296357715975628 0.0000000000157596
3.2000000000000002 0.7316039097711511 0.0000000000156919
3.2100000000000000 0.7335629525159834 0.0000000000156247
3.2200000000000002 0.7355128654645668 0.0000000000155578
3.2300000000000000 0.7374536154776810 0.0000000000154914
3.2400000000000002 0.7393851706387800 0.0000000000154256
3.2500000000000000 0.7413075002481242 0.0000000000153600
3.2600000000000002 0.7432205748166474 0.0000000000152950
3.2700000000000000 0.7451243660595646 0.0000000000152305
3.2800000000000002 0.7470188468897278 0.0000000000151666
3.2900000000000000 0.7489039914107339 0.0000000000151026
3.3000000000000003 0.7507797749097922 0.0000000000150396
3.3100000000000001 0.7526461738503559 0.0000000000149766
3.3200000000000003 0.7545031658645257 0.0000000000149142
3.3300000000000001 0.7563507297452291 0.0000000000148522
3.3399999999999999 0.7581888454381839 0.0000000000147907
3.3500000000000001 0.7600174940336496 0.0000000000147294
3.3599999999999999 0.7618366577579745 0.0000000000146689
3.3700000000000001 0.7636463199649439 0.0000000000146085
3.3799999999999999 0.7654464651269356 0.0000000000145486
3.3900000000000001 0.7672370788258882 0.0000000000144892
3.3999999999999999 0.7690181477440893 0.0000000000144298
3.4100000000000001 0.7707896596547886 0.0000000000143714
3.4199999999999999 0.7725516034126433 0.0000000000143129
3.4300000000000002 0.7743039689439994 0.0000000000142552
3.4399999999999999 0.7760467472370184 0.0000000000141976
3.4500000000000002 0.7777799303316512 0.0000000000141404
3.4600000000000000 0.7795035113094689 0.0000000000140835
3.4700000000000002 0.7812174842833549 0.0000000000140273
3.4800000000000000 0.7829218443870626 0.0000000000139711
3.4900000000000002 0.7846165877646474 0.0000000000139154
3.5000000000000000 0.7863017115597770 0.0000000000138602
3.5100000000000002 0.7879772139049264 0.0000000000138052
3.5200000000000000 0.7896430939104622 0.0000000000137505
3.5300000000000002 0.7912993516536239 0.0000000000136960
3.5400000000000000 0.7929459881674058 0.0000000000136421
3.5500000000000003 0.7945830054293466 0.0000000000135884
3.5600000000000001 0.7962104063502304 0.0000000000135351
3.5700000000000003 0.7978281947627071 0.0000000000134821
3.5800000000000001 0.7994363754098343 0.0000000000134294
3.5899999999999999 0.8010349539335495 0.0000000000133771
3.6000000000000001 0.8026239368630754 0.0000000000133250
3.6099999999999999 0.8042033316032638 0.0000000000132733
3.6200000000000001 0.8057731464228844 0.0000000000132221
3.6299999999999999 0.8073333904428628 0.0000000000131707
3.6400000000000001 0.8088840736244716 0.0000000000131199
3.6499999999999999 0.8104252067574822 0.0000000000130695
3.6600000000000001 0.8119568014482794 0.0000000000130194
3.6699999999999999 0.8134788701079450 0.0000000000129693
3.6800000000000002 0.8149914259403140 0.0000000000129196
3.6899999999999999 0.8164944829300108 0.0000000000128702
3.7000000000000002 0.8179880558304653 0.0000000000128210
3.7100000000000000 0.8194721601519175 0.0000000000127723
3.7200000000000002 0.8209468121494130 0.0000000000127235
3.7300000000000000 0.8224120288107940 0.0000000000126752
3.7400000000000002 0.8238678278446900 0.0000000000126269
3.7500000000000000 0.8253142276685124 0.0000000000125789
3.7600000000000002 0.8267512473964566 0.0000000000125313
3.7700000000000000 0.8281789068275170 0.0000000000124840
3.7800000000000002 0.8295972264335169 0.0000000000124368
3.7900000000000000 0.8310062273471571 0.0000000000123898
3.8000000000000003 0.8324059313500898 0.0000000000123431
3.8100000000000001 0.8337963608610169 0.0000000000122967
3.8200000000000003 0.8351775389238209 0.0000000000122504
3.8300000000000001 0.8365494891957271 0.0000000000122044
3.8399999999999999 0.8379122359355055 0.0000000000121583
3.8500000000000001 0.8392658039917105 0.0000000000121127
3.8599999999999999 0.8406102187909663 0.0000000000120672
3.8700000000000001 0.8419455063262977 0.0000000000120220
3.8799999999999999 0.8432716931455109 0.0000000000119767
3.8900000000000001 0.8445888063396266 0.0000000000119320
3.8999999999999999 0.8458968735313698 0.0000000000118871
3.9100000000000001 0.8471959228637154 0.0000000000118428
3.9199999999999999 0.8484859829884973 0.0000000000117983
3.9300000000000002 0.8497670830550791 0.0000000000117542
3.9399999999999999 0.8510392526990916 0.0000000000117103
3.9500000000000002 0.8523025220312388 0.0000000000116664
3.9600000000000000 0.8535569216261738 0.0000000000116227
3.9700000000000002 0.8548024825114489 0.0000000000115791
3.9800000000000000 0.8560392361565400 0.0000000000115358
3.9900000000000002 0.8572672144619490 0.0000000000114925
4.0000000000000000 0.8584864497483847 0.0000000000114496
4.0099999999999998 0.8596969747460264 0.0000000000114067
4.0200000000000005 0.8608988225838687 0.0000000000113639
4.0300000000000002 0.8620920267791535 0.0000000000113213
4.0400000000000000 0.8632766212268869 0.0000000000112787
4.0499999999999998 0.8644526401894453 0.0000000000112363
4.0600000000000005 0.8656201182862719 0.0000000000111943
4.0700000000000003 0.8667790904836633 0.0000000000111523
4.0800000000000001 0.8679295920846503 0.0000000000111102
4.0899999999999999 0.8690716587189721 0.0000000000110684
4.0999999999999996 0.8702053263331467 0.0000000000110265
4.1100000000000003 0.8713306311806375 0.0000000000109851
4.1200000000000001 0.8724476098121180 0.0000000000109436
4.1299999999999999 0.8735562990658359 0.0000000000109022
4.1399999999999997 0.8746567360580764 0.0000000000108608
4.1500000000000004 0.8757489581737277 0.0000000000108198
4.1600000000000001 0.8768330030569471 0.0000000000107788
4.1699999999999999 0.8779089086019313 0.0000000000107378
4.1799999999999997 0.8789767129437884 0.0000000000106969
4.1900000000000004 0.8800364544495163 0.0000000000106562
4.2000000000000002 0.8810881717090840 0.0000000000106156
4.2100000000000000 0.8821319035266201 0.0000000000105750
4.2199999999999998 0.8831676889117058 0.0000000000105344
4.2300000000000004 0.8841955670707760 0.0000000000104943
4.2400000000000002 0.8852155773986261 0.0000000000104540
4.2500000000000000 0.8862277594700271 0.0000000000104137
4.2599999999999998 0.8872321530314476 0.0000000000103736
4.2700000000000005 0.8882287979928848 0.0000000000103337
4.2800000000000002 0.8892177344198025 0.0000000000102937
4.2900000000000000 0.8901990025251788 0.0000000000102539
4.2999999999999998 0.8911726426616615 0.0000000000102143
4.3100000000000005 0.8921386953138324 0.0000000000101746
4.3200000000000003 0.8930972010905802 0.0000000000101349
4.3300000000000001 0.8940482007175825 0.0000000000100954
4.3399999999999999 0.8949917350298959 0.0000000000100560
4.3500000000000005 0.8959278449646553 0.0000000000100166
4.3600000000000003 0.8968565715538810 0.0000000000099771
4.3700000000000001 0.8977779559173950 0.0000000000099377
4.3799999999999999 0.8986920392558444 0.0000000000098986
4.3899999999999997 0.8995988628438338 0.0000000000098595
4.4000000000000004 0.9004984680231644 0.0000000000098207
4.4100000000000001 0.9013908961961807 0.0000000000097816
4.4199999999999999 0.9022761888192249 0.0000000000097425
4.4299999999999997 0.9031543873961966 0.0000000000097035
4.4400000000000004 0.9040255334722199 0.0000000000096648
4.4500000000000002 0.9048896686274159 0.0000000000096260
4.4600000000000000 0.9057468344707804 0.0000000000095875
4.4699999999999998 0.9065970726341667 0.0000000000095487
4.4800000000000004 0.9074404247663722 0.0000000000095104
4.4900000000000002 0.9082769325273301 0.0000000000094718
4.5000000000000000 0.9091066375824026 0.0000000000094332
4.5099999999999998 0.9099295815967781 0.0000000000093949
4.5200000000000005 0.9107458062299698 0.0000000000093565
4.5300000000000002 0.9115553531304161 0.0000000000093184
4.5400000000000000 0.9123582639301812 0.0000000000092801
4.5499999999999998 0.9131545802397559 0.0000000000092420
4.5600000000000005 0.9139443436429587 0.0000000000092039
4.5700000000000003 0.9147275956919340 0.0000000000091659
4.5800000000000001 0.9155043779022491 0.0000000000091279
4.5899999999999999 0.9162747317480886 0.0000000000090901
4.6000000000000005 0.9170386986575444 0.0000000000090521
4.6100000000000003 0.9177963200080018 0.0000000000090144
4.6200000000000001 0.9185476371216206 0.0000000000089764
4.6299999999999999 0.9192926912609093 0.0000000000089387
4.6399999999999997 0.9200315236243934 0.0000000000089013
4.6500000000000004 0.9207641753423759 0.0000000000088634
4.6600000000000001 0.9214906874727880 0.0000000000088259
4.6699999999999999 0.9222111009971324 0.0000000000087884
4.6799999999999997 0.9229254568165149 0.0000000000087509
4.6900000000000004 0.9236337957477651 0.0000000000087137
4.7000000000000002 0.9243361585196450 0.0000000000086762
4.7100000000000000 0.9250325857691453 0.0000000000086389
4.7199999999999998 0.9257231180378666 0.0000000000086016
4.7300000000000004 0.9264077957684870 0.0000000000085644
4.7400000000000002 0.9270866593013134 0.0000000000085272
4.7500000000000000 0.9277597488709157 0.0000000000084900
4.7599999999999998 0.9284271046028446 0.0000000000084531
4.7700000000000005 0.9290887665104295 0.0000000000084161
4.7800000000000002 0.9297447744916579 0.0000000000083791
4.7900000000000000 0.9303951683261342 0.0000000000083421
4.7999999999999998 0.9310399876721165 0.0000000000083053
4.8100000000000005 0.9316792720636317 0.0000000000082685
4.8200000000000003 0.9323130609076671 0.0000000000082318
4.8300000000000001 0.9329413934814379 0.0000000000081951
4.8399999999999999 0.9335643089297290 0.0000000000081585
4.8500000000000005 0.9341818462623107 0.0000000000081221
4.8600000000000003 0.9347940443514282 0.0000000000080855
4.8700000000000001 0.9354009419293615 0.0000000000080490
4.8799999999999999 0.9360025775860572 0.0000000000080124
4.8899999999999997 0.9365989897668299 0.0000000000079760
4.9000000000000004 0.9371902167701327 0.0000000000079397
4.9100000000000001 0.9377762967453960 0.0000000000079035
4.9199999999999999 0.9383572676909324 0.0000000000078674
4.9299999999999997 0.9389331674519090 0.0000000000078314
4.9400000000000004 0.9395040337183840 0.0000000000077953
4.9500000000000002 0.9400699040234076 0.0000000000077592
4.9600000000000000 0.9406308157411867 0.0000000000077233
4.9699999999999998 0.9411868060853109 0.0000000000076873
4.9800000000000004 0.9417379121070412 0.0000000000076516
4.9900000000000002 0.9422841706936578 0.0000000000076156
5.0000000000000000 0.9428256185668683 0.0000000000075800
5.0099999999999998 0.9433622922812744 0.0000000000075441
5.0200000000000005 0.9438942282228956 0.0000000000075086
5.0300000000000002 0.9444214626077503 0.0000000000074730
5.0400000000000000 0.9449440314804924 0.0000000000074375
5.0499999999999998 0.9454619707131032 0.0000000000074020
5.0600000000000005 0.9459753160036365 0.0000000000073669
5.0700000000000003 0.9464841028750177 0.0000000000073316
5.0800000000000001 0.9469883666738945 0.0000000000072964
5.0899999999999999 0.9474881425695394 0.0000000000072610
5.1000000000000005 0.9479834655528021 0.0000000000072261
5.1100000000000003 0.9484743704351120 0.0000000000071910
5.1200000000000001 0.9489608918475292 0.0000000000071559
5.1299999999999999 0.9494430642398434 0.0000000000071209
5.1399999999999997 0.9499209218797197 0.0000000000070862
5.1500000000000004 0.9503944988518908 0.0000000000070513
5.1600000000000001 0.9508638290573941 0.0000000000070168
5.1699999999999999 0.9513289462128542 0.0000000000069821
5.1799999999999997 0.9517898838498079 0.0000000000069475
5.1900000000000004 0.9522466753140726 0.0000000000069131
5.2000000000000002 0.9526993537651575 0.0000000000068787
5.2100000000000000 0.9531479521757145 0.0000000000068445
5.2199999999999998 0.9535925033310312 0.0000000000068102
5.2300000000000004 0.9540330398285622 0.0000000000067760
5.2400000000000002 0.9544695940775006 0.0000000000067418
5.2500000000000000 0.9549021982983864 0.0000000000067078
5.2599999999999998 0.9553308845227531 0.0000000000066738
5.2700000000000005 0.9557556845928108 0.0000000000066400
5.2800000000000002 0.9561766301611653 0.0000000000066061
5.2900000000000000 0.9565937526905717 0.0000000000065725
5.2999999999999998 0.9570070834537234 0.0000000000065389
5.3100000000000005 0.9574166535330744 0.0000000000065054
5.3200000000000003 0.9578224938206938 0.0000000000064719
5.3300000000000001 0.9582246350181547 0.0000000000064385
5.3399999999999999 0.9586231076364520 0.0000000000064051
5.3500000000000005 0.9590179419959536 0.0000000000063719
5.3600000000000003 0.9594091682263803 0.0000000000063385
5.3700000000000001 0.9597968162668161 0.0000000000063056
5.3799999999999999 0.9601809158657469 0.0000000000062725
5.3899999999999997 0.9605614965811281 0.0000000000062399
5.4000000000000004 0.9609385877804790 0.0000000000062070
5.4100000000000001 0.9613122186410054 0.0000000000061743
5.4199999999999999 0.9616824181497470 0.0000000000061416
5.4299999999999997 0.9620492151037525 0.0000000000061089
5.4400000000000004 0.9624126381102782 0.0000000000060766
5.4500000000000002 0.9627727155870122 0.0000000000060442
5.4600000000000000 0.9631294757623217 0.0000000000060119
5.4699999999999998 0.9634829466755249 0.0000000000059796
5.4800000000000004 0.9638331561771847 0.0000000000059477
5.4900000000000002 0.9641801319294250 0.0000000000059157
5.5000000000000000 0.9645239014062686 0.0000000000058839
5.5099999999999998 0.9648644918939970 0.0000000000058518
5.5200000000000005 0.9652019304915291 0.0000000000058203
5.5300000000000002 0.9655362441108221 0.0000000000057885
5.5400000000000000 0.9658674594772901 0.0000000000057571
5.5499999999999998 0.9661956031302433 0.0000000000057255
5.5600000000000005 0.9665207014233443 0.0000000000056942
5.5700000000000003 0.9668427805250837 0.0000000000056628
5.5800000000000001 0.9671618664192717 0.0000000000056318
5.5899999999999999 0.9674779849055489 0.0000000000056008
5.6000000000000005 0.9677911615999116 0.0000000000055696
5.6100000000000003 0.9681014219352544 0.0000000000055388
5.6200000000000001 0.9684087911619278 0.0000000000055080
5.6299999999999999 0.9687132943483115 0.0000000000054772
5.6399999999999997 0.9690149563814022 0.0000000000054468
5.6500000000000004 0.9693138019674157 0.0000000000054161
5.6600000000000001 0.9696098556324025 0.0000000000053856
5.6699999999999999 0.9699031417228778 0.0000000000053555
5.6799999999999997 0.9701936844064634 0.0000000000053251
5.6900000000000004 0.9704815076725427 0.0000000000052952
5.7000000000000002 0.9707666353329285 0.0000000000052650
5.7100000000000000 0.9710490910225413 0.0000000000052353
5.7199999999999998 0.9713288982001003 0.0000000000052057
5.7300000000000004 0.9716060801488242 0.0000000000051759
5.7400000000000002 0.9718806599771442 0.0000000000051463
5.7500000000000000 0.9721526606194256 0.0000000000051168
5.7599999999999998 0.9724221048367004 0.0000000000050875
5.7700000000000005 0.9726890152174095 0.0000000000050582
5.7800000000000002 0.9729534141781533 0.0000000000050289
5.7900000000000000 0.9732153239644521 0.0000000000049998
5.7999999999999998 0.9734747666515143 0.0000000000049710
5.8100000000000005 0.9737317641450135 0.0000000000049423
5.8200000000000003 0.9739863381818726 0.0000000000049134
5.8300000000000001 0.9742385103310566 0.0000000000048847
5.8399999999999999 0.9744883019943712 0.0000000000048562
5.8500000000000005 0.9747357344072700 0.0000000000048279
5.8600000000000003 0.9749808286396671 0.0000000000047996
5.8700000000000001 0.9752236055967564 0.0000000000047713
5.8799999999999999 0.9754640860198373 0.0000000000047432
5.8899999999999997 0.9757022904871455 0.0000000000047151
5.9000000000000004 0.9759382394146903 0.0000000000046873
5.9100000000000001 0.9761719530570959 0.0000000000046594
5.9199999999999999 0.9764034515084490 0.0000000000046317
5.9299999999999997 0.9766327547031495 0.0000000000046041
5.9400000000000004 0.9768598824167675 0.0000000000045768
5.9500000000000002 0.9770848542669029 0.0000000000045495
5.9600000000000000 0.9773076897140504 0.0000000000045221
5.9699999999999998 0.9775284080624661 0.0000000000044951
5.9800000000000004 0.9777470284610403 0.0000000000044678
5.9900000000000002 0.9779635699041715 0.0000000000044409
6.0000000000000000 0.9781780512326442 0.0000000000044142
6.0099999999999998 0.9783904911345094 0.0000000000043875
6.0200000000000005 0.9786009081459677 0.0000000000043608
6.0300000000000002 0.9788093206522547 0.0000000000043345
6.0400000000000000 0.9790157468885290 0.0000000000043083
6.0499999999999998 0.9792202049407616 0.0000000000042818
6.0600000000000005 0.9794227127466271 0.0000000000042557
6.0700000000000003 0.9796232880963971 0.0000000000042295
6.0800000000000001 0.9798219486338345 0.0000000000042038
6.0899999999999999 0.9800187118570891 0.0000000000041779
6.1000000000000005 0.9802135951195942 0.0000000000041521
6.1100000000000003 0.9804066156309641 0.0000000000041264
6.1200000000000001 0.9805977904578926 0.0000000000041010
6.1299999999999999 0.9807871365250518 0.0000000000040757
6.1400000000000006 0.9809746706159905 0.0000000000040504
6.1500000000000004 0.9811604093740346 0.0000000000040253
6.1600000000000001 0.9813443693031856 0.0000000000040003
6.1699999999999999 0.9815265667690203 0.0000000000039753
6.1799999999999997 0.9817070179995898 0.0000000000039506
6.1900000000000004 0.9818857390863183 0.0000000000039259
6.2000000000000002 0.9820627459849005 0.0000000000039011
6.2100000000000000 0.9822380545162001 0.0000000000038768
6.2199999999999998 0.9824116803671455 0.0000000000038525
6.2300000000000004 0.9825836390916265 0.0000000000038282
6.2400000000000002 0.9827539461113878 0.0000000000038042
6.2500000000000000 0.9829226167169234 0.0000000000037803
6.2599999999999998 0.9830896660683685 0.0000000000037561
6.2700000000000005 0.9832551091963900 0.0000000000037323
6.2800000000000002 0.9834189610030765 0.0000000000037087
6.2900000000000000 0.9835812362628248 0.0000000000036852
6.2999999999999998 0.9837419496232267 0.0000000000036616
6.3100000000000005 0.9839011156059526 0.0000000000036382
6.3200000000000003 0.9840587486076336 0.0000000000036150
6.3300000000000001 0.9842148629007418 0.0000000000035918
6.3399999999999999 0.9843694726344675 0.0000000000035687
6.3500000000000005 0.9845225918355954 0.0000000000035459
6.3600000000000003 0.9846742344093780 0.0000000000035231
6.3700000000000001 0.9848244141404059 0.0000000000035001
6.3799999999999999 0.9849731446934766 0.0000000000034775
6.3900000000000006 0.9851204396144605 0.0000000000034550
6.4000000000000004 0.9852663123311634 0.0000000000034326
6.4100000000000001 0.9854107761541874 0.0000000000034105
6.4199999999999999 0.9855538442777885 0.0000000000033884
6.4299999999999997 0.9856955297807312 0.0000000000033663
6.4400000000000004 0.9858358456271400 0.0000000000033443
6.4500000000000002 0.9859748046673485 0.0000000000033225
6.4600000000000000 0.9861124196387452 0.0000000000033008
6.4699999999999998 0.9862487031666151 0.0000000000032791
6.4800000000000004 0.9863836677649799 0.0000000000032577
6.4900000000000002 0.9865173258374338 0.0000000000032363
6.5000000000000000 0.9866496896779757 0.0000000000032151
6.5099999999999998 0.9867807714718392 0.0000000000031938
6.5200000000000005 0.9869105832963178 0.0000000000031727
6.5300000000000002 0.9870391371215875 0.0000000000031518
6.5400000000000000 0.9871664448115259 0.0000000000031308
6.5499999999999998 0.9872925181245270 0.0000000000031101
6.5600000000000005 0.9874173687143131 0.0000000000030893
6.5700000000000003 0.9875410081307424 0.0000000000030689
6.5800000000000001 0.9876634478206140 0.0000000000030485
6.5899999999999999 0.9877846991284672 0.0000000000030282
6.6000000000000005 0.9879047732973792 0.0000000000030079
6.6100000000000003 0.9880236814697575 0.0000000000029880
6.6200000000000001 0.9881414346881287 0.0000000000029678
6.6299999999999999 0.9882580438959239 0.0000000000029481
6.6400000000000006 0.9883735199382597 0.0000000000029283
6.6500000000000004 0.9884878735627156 0.0000000000029085
6.6600000000000001 0.9886011154201066 0.0000000000028890
6.6699999999999999 0.9887132560652532 0.0000000000028696
6.6799999999999997 0.9888243059577456 0.0000000000028503
6.6900000000000004 0.9889342754627057 0.0000000000028310
6.7000000000000002 0.9890431748515435 0.0000000000028119
6.7100000000000000 0.9891510143027098 0.0000000000027929
6.7199999999999998 0.9892578039024454 0.0000000000027740
6.7300000000000004 0.9893635536455255 0.0000000000027552
6.7400000000000002 0.9894682734360000 0.0000000000027364
6.7500000000000000 0.9895719730879293 0.0000000000027176
6.7599999999999998 0.9896746623261172 0.0000000000026992
6.7700000000000005 0.9897763507868380 0.0000000000026808
6.7800000000000002 0.9898770480185601 0.0000000000026626
6.7900000000000000 0.9899767634826656 0.0000000000026444
6.7999999999999998 0.9900755065541648 0.0000000000026263
6.8100000000000005 0.9901732865224073 0.0000000000026083
6.8200000000000003 0.9902701125917888 0.0000000000025904
6.8300000000000001 0.9903659938824523 0.0000000000025726
6.8399999999999999 0.9904609394309871 0.0000000000025549
6.8500000000000005 0.9905549581911217 0.0000000000025374
6.8600000000000003 0.9906480590344133 0.0000000000025198
6.8700000000000001 0.9907402507509329 0.0000000000025023
6.8799999999999999 0.9908315420499454 0.0000000000024850
6.8900000000000006 0.9909219415605868 0.0000000000024679
6.9000000000000004 0.9910114578325355 0.0000000000024506
6.9100000000000001 0.9911000993366804 0.0000000000024336
6.9199999999999999 0.9911878744657839 0.0000000000024167
6.9299999999999997 0.9912747915351415 0.0000000000023999
6.9400000000000004 0.9913608587832361 0.0000000000023834
6.9500000000000002 0.9914460843723885 0.0000000000023666
6.9600000000000000 0.9915304763894034 0.0000000000023500
6.9699999999999998 0.9916140428462115 0.0000000000023337
6.9800000000000004 0.9916967916805066 0.0000000000023175
6.9900000000000002 0.9917787307563792 0.0000000000023012
7.0000000000000000 0.9918598678649451 0.0000000000022849
7.0099999999999998 0.9919402107249695 0.0000000000022688
7.0200000000000005 0.9920197669834883 0.0000000000022530
7.0300000000000002 0.9920985442164233 0.0000000000022370
7.0400000000000000 0.9921765499291942 0.0000000000022215
7.0499999999999998 0.9922537915573263 0.0000000000022058
7.0600000000000005 0.9923302764670532 0.0000000000021902
7.0700000000000003 0.9924060119559160 0.0000000000021747
7.0800000000000001 0.9924810052533584 0.0000000000021594
7.0899999999999999 0.9925552635213164 0.0000000000021440
7.1000000000000005 0.9926287938548053 0.0000000000021289
7.1100000000000003 0.9927016032825013 0.0000000000021137
7.1200000000000001 0.9927736987673197 0.0000000000020986
7.1299999999999999 0.9928450872069884 0.0000000000020837
7.1400000000000006 0.9929157754346173 0.0000000000020689
7.1500000000000004 0.9929857702192642 0.0000000000020540
7.1600000000000001 0.9930550782664952 0.0000000000020394
7.1699999999999999 0.9931237062189425 0.0000000000020249
7.1799999999999997 0.9931916606568572 0.0000000000020103
7.1900000000000004 0.9932589480986577 0.0000000000019960
7.2000000000000002 0.9933255750014751 0.0000000000019815
7.2100000000000000 0.9933915477616936 0.0000000000019674
7.2199999999999998 0.9934568727154872 0.0000000000019532
7.2300000000000004 0.9935215561393522 0.0000000000019392
7.2400000000000002 0.9935856042506361 0.0000000000019252
7.2500000000000000 0.9936490232080617 0.0000000000019114
7.2599999999999998 0.9937118191122479 0.0000000000018974
7.2700000000000005 0.9937739980062265 0.0000000000018838
7.2800000000000002 0.9938355658759543 0.0000000000018702
7.2900000000000000 0.9938965286508226 0.0000000000018567
7.2999999999999998 0.9939568922041611 0.0000000000018432
7.3100000000000005 0.9940166623537392 0.0000000000018298
7.3200000000000003 0.9940758448622631 0.0000000000018165
7.3300000000000001 0.9941344454378683 0.0000000000018034
7.3399999999999999 0.9941924697346097 0.0000000000017903
7.3500000000000005 0.9942499233529464 0.0000000000017773
7.3600000000000003 0.9943068118402231 0.0000000000017643
7.3700000000000001 0.9943631406911485 0.0000000000017517
7.3799999999999999 0.9944189153482691 0.0000000000017389
7.3900000000000006 0.9944741412024392 0.0000000000017262
7.4000000000000004 0.9945288235932874 0.0000000000017135
7.4100000000000001 0.9945829678096799 0.0000000000017011
7.4199999999999999 0.9946365790901791 0.0000000000016886
7.4299999999999997 0.9946896626234991 0.0000000000016763
7.4400000000000004 0.9947422235489575 0.0000000000016640
7.4500000000000002 0.9947942669569234 0.0000000000016518
7.4600000000000000 0.9948457978892622 0.0000000000016395
7.4699999999999998 0.9948968213397759 0.0000000000016276
7.4800000000000004 0.9949473422546409 0.0000000000016157
7.4900000000000002 0.9949973655328416 0.0000000000016036
7.5000000000000000 0.9950468960266003 0.0000000000015918
7.5099999999999998 0.9950959385418044 0.0000000000015799
7.5200000000000005 0.9951444978384291 0.0000000000015684
7.5300000000000002 0.9951925786309571 0.0000000000015567
7.5400000000000000 0.9952401855887953 0.0000000000015451
7.5499999999999998 0.9952873233366872 0.0000000000015337
7.5600000000000005 0.9953339964551222 0.0000000000015222
7.5700000000000003 0.9953802094807418 0.0000000000015110
7.5800000000000001 0.9954259669067422 0.0000000000014998
7.5899999999999999 0.9954712731832734 0.0000000000014887
7.6000000000000005 0.9955161327178353 0.0000000000014777
7.6100000000000003 0.9955605498756702 0.0000000000014666
7.6200000000000001 0.9956045289801519 0.0000000000014557
7.6299999999999999 0.9956480743131723 0.0000000000014447
7.6400000000000006 0.9956911901155233 0.0000000000014340
7.6500000000000004 0.9957338805872775 0.0000000000014234
7.6600000000000001 0.9957761498881637 0.0000000000014126
7.6699999999999999 0.9958180021379401 0.0000000000014022
7.6799999999999997 0.9958594414167651 0.0000000000013915
7.6900000000000004 0.9959004717655628 0.0000000000013811
7.7000000000000002 0.9959410971863882 0.0000000000013708
7.7100000000000000 0.9959813216427869 0.0000000000013606
7.7199999999999998 0.9960211490601527 0.0000000000013504
7.7300000000000004 0.9960605833260826 0.0000000000013403
7.7400000000000002 0.9960996282907277 0.0000000000013301
7.7500000000000000 0.9961382877671420 0.0000000000013202
7.7599999999999998 0.9961765655316276 0.0000000000013103
7.7700000000000005 0.9962144653240772 0.0000000000013004
7.7800000000000002 0.9962519908483138 0.0000000000012908
7.7900000000000000 0.9962891457724271 0.0000000000012810
7.7999999999999998 0.9963259337291070 0.0000000000012714
7.8100000000000005 0.9963623583159747 0.0000000000012618
7.8200000000000003 0.9963984230959103 0.0000000000012522
7.8300000000000001 0.9964341315973777 0.0000000000012428
7.8399999999999999 0.9964694873147474 0.0000000000012333
7.8500000000000005 0.9965044937086152 0.0000000000012241
7.8600000000000003 0.9965391542061192 0.0000000000012147
7.8700000000000001 0.9965734722012535 0.0000000000012054
7.8799999999999999 0.9966074510551792 0.0000000000011963
7.8900000000000006 0.9966410940965329 0.0000000000011872
7.9000000000000004 0.9966744046217321 0.0000000000011782
7.9100000000000001 0.9967073858952783 0.0000000000011694
7.9199999999999999 0.9967400411500573 0.0000000000011604
7.9300000000000006 0.9967723735876368 0.0000000000011516
7.9400000000000004 0.9968043863785611 0.0000000000011426
7.9500000000000002 0.9968360826626438 0.0000000000011340
7.9600000000000000 0.9968674655492574 0.0000000000011254
7.9699999999999998 0.9968985381176209 0.0000000000011167
7.9800000000000004 0.9969293034170836 0.0000000000011083
7.9900000000000002 0.9969597644674084 0.0000000000010997
8.0000000000000000 0.9969899242590502 0.0000000000010914
8.0099999999999998 0.9970197857534339 0.0000000000010831
8.0199999999999996 0.9970493518832285 0.0000000000010749
8.0299999999999994 0.9970786255526199 0.0000000000010665
8.0400000000000009 0.9971076096375799 0.0000000000010582
8.0500000000000007 0.9971363069861341 0.0000000000010502
8.0600000000000005 0.9971647204186265 0.0000000000010420
8.0700000000000003 0.9971928527279822 0.0000000000010341
8.0800000000000001 0.9972207066799677 0.0000000000010260
8.0899999999999999 0.9972482850134484 0.0000000000010181
8.0999999999999996 0.9972755904406447 0.0000000000010103
8.1099999999999994 0.9973026256473846 0.0000000000010026
8.1200000000000010 0.9973293932933550 0.0000000000009946
8.1300000000000008 0.9973558960123502 0.0000000000009870
8.1400000000000006 0.9973821364125185 0.0000000000009794
8.1500000000000004 0.9974081170766063 0.0000000000009720
8.1600000000000001 0.9974338405621999 0.0000000000009643
8.1699999999999999 0.9974593094019654 0.0000000000009569
8.1799999999999997 0.9974845261038864 0.0000000000009496
8.1899999999999995 0.9975094931514994 0.0000000000009422
8.1999999999999993 0.9975342130041268 0.0000000000009347
8.2100000000000009 0.9975586880971085 0.0000000000009274
8.2200000000000006 0.9975829208420304 0.0000000000009203
8.2300000000000004 0.9976069136269520 0.0000000000009130
8.2400000000000002 0.9976306688166309 0.0000000000009060
8.2500000000000000 0.9976541887527455 0.0000000000008991
8.2599999999999998 0.9976774757541162 0.0000000000008920
8.2699999999999996 0.9977005321169240 0.0000000000008850
8.2799999999999994 0.9977233601149269 0.0000000000008780
8.2900000000000009 0.9977459619996751 0.0000000000008712
8.3000000000000007 0.9977683400007238 0.0000000000008645
8.3100000000000005 0.9977904963258437 0.0000000000008579
8.3200000000000003 0.9978124331612301 0.0000000000008512
8.3300000000000001 0.9978341526717101 0.0000000000008445
8.3399999999999999 0.9978556570009470 0.0000000000008377
8.3499999999999996 0.9978769482716442 0.0000000000008313
8.3599999999999994 0.9978980285857461 0.0000000000008247
8.3700000000000010 0.9979189000246375 0.0000000000008184
8.3800000000000008 0.9979395646493413 0.0000000000008119
8.3900000000000006 0.9979600245007145 0.0000000000008056
8.4000000000000004 0.9979802815996417 0.0000000000007992
8.4100000000000001 0.9980003379472273 0.0000000000007930
8.4199999999999999 0.9980201955249862 0.0000000000007867
8.4299999999999997 0.9980398562950322 0.0000000000007805
8.4399999999999995 0.9980593222002648 0.0000000000007744
8.4499999999999993 0.9980785951645543 0.0000000000007682
8.4600000000000009 0.9980976770929252 0.0000000000007623
8.4700000000000006 0.9981165698717379 0.0000000000007564
8.4800000000000004 0.9981352753688689 0.0000000000007504
8.4900000000000002 0.9981537954338887 0.0000000000007443
8.5000000000000000 0.9981721318982386 0.0000000000007385
8.5099999999999998 0.9981902865754058 0.0000000000007326
8.5199999999999996 0.9982082612610964 0.0000000000007268
8.5299999999999994 0.9982260577334079 0.0000000000007213
8.5400000000000009 0.9982436777529985 0.0000000000007155
8.5500000000000007 0.9982611230632560 0.0000000000007098
8.5600000000000005 0.9982783953904646 0.0000000000007042
8.5700000000000003 0.9982954964439706 0.0000000000006985
8.5800000000000001 0.9983124279163461 0.0000000000006931
8.5899999999999999 0.9983291914835509 0.0000000000006876
8.5999999999999996 0.9983457888050941 0.0000000000006820
8.6099999999999994 0.9983622215241923 0.0000000000006767
8.6200000000000010 0.9983784912679283 0.0000000000006714
8.6300000000000008 0.9983945996474072 0.0000000000006659
8.6400000000000006 0.9984105482579105 0.0000000000006606
8.6500000000000004 0.9984263386790505 0.0000000000006553
8.6600000000000001 0.9984419724749214 0.0000000000006502
8.6699999999999999 0.9984574511942501 0.0000000000006451
8.6799999999999997 0.9984727763705454 0.0000000000006399
8.6899999999999995 0.9984879495222453 0.0000000000006349
8.7000000000000011 0.9985029721528634 0.0000000000006298
8.7100000000000009 0.9985178457511339 0.0000000000006249
8.7200000000000006 0.9985325717911548 0.0000000000006199
8.7300000000000004 0.9985471517325306 0.0000000000006147
8.7400000000000002 0.9985615870205122 0.0000000000006098
8.7500000000000000 0.9985758790861373 0.0000000000006053
8.7599999999999998 0.9985900293463680 0.0000000000006003
8.7699999999999996 0.9986040392042277 0.0000000000005955
8.7799999999999994 0.9986179100489366 0.0000000000005908
8.7900000000000009 0.9986316432560464 0.0000000000005859
8.8000000000000007 0.9986452401875723 0.0000000000005812
8.8100000000000005 0.9986587021921258 0.0000000000005768
8.8200000000000003 0.9986720306050445 0.0000000000005722
8.8300000000000001 0.9986852267485214 0.0000000000005675
8.8399999999999999 0.9986982919317332 0.0000000000005631
8.8499999999999996 0.9987112274509665 0.0000000000005585
8.8599999999999994 0.9987240345897440 0.0000000000005540
8.8700000000000010 0.9987367146189483 0.0000000000005495
8.8800000000000008 0.9987492687969454 0.0000000000005452
8.8900000000000006 0.9987616983697066 0.0000000000005407
8.9000000000000004 0.9987740045709296 0.0000000000005362
8.9100000000000001 0.9987861886221575 0.0000000000005319
8.9199999999999999 0.9987982517328983 0.0000000000005278
8.9299999999999997 0.9988101951007414 0.0000000000005234
8.9399999999999995 0.9988220199114747 0.0000000000005192
8.9500000000000011 0.9988337273391988 0.0000000000005152
8.9600000000000009 0.9988453185464423 0.0000000000005108
8.9700000000000006 0.9988567946842737 0.0000000000005068
8.9800000000000004 0.9988681568924138 0.0000000000005026
8.9900000000000002 0.9988794062993466 0.0000000000004986
9.0000000000000000 0.9988905440224287 0.0000000000004946
9.0099999999999998 0.9989015711679986 0.0000000000004906
9.0199999999999996 0.9989124888314836 0.0000000000004867
9.0299999999999994 0.9989232980975072 0.0000000000004828
9.0400000000000009 0.9989340000399943 0.0000000000004789
9.0500000000000007 0.9989445957222757 0.0000000000004751
9.0600000000000005 0.9989550861971920 0.0000000000004711
9.0700000000000003 0.9989654725071961 0.0000000000004673
9.0800000000000001 0.9989757556844550 0.0000000000004638
9.0899999999999999 0.9989859367509498 0.0000000000004600
9.0999999999999996 0.9989960167185763 0.0000000000004561
9.1099999999999994 0.9990059965892428 0.0000000000004525
9.1200000000000010 0.9990158773549687 0.0000000000004487
9.1300000000000008 0.9990256599979807 0.0000000000004451
9.1400000000000006 0.9990353454908089 0.0000000000004414
9.1500000000000004 0.9990449347963818 0.0000000000004378
9.1600000000000001 0.9990544288681205 0.0000000000004343
9.1699999999999999 0.9990638286500315 0.0000000000004308
9.1799999999999997 0.9990731350767993 0.0000000000004274
9.1899999999999995 0.9990823490738774 0.0000000000004239
9.2000000000000011 0.9990914715575790 0.0000000000004206
9.2100000000000009 0.9991005034351669 0.0000000000004170
9.2200000000000006 0.9991094456049414 0.0000000000004137
9.2300000000000004 0.9991182989563291 0.0000000000004105
9.2400000000000002 0.9991270643699693 0.0000000000004070
9.2500000000000000 0.9991357427178006 0.0000000000004036
9.2599999999999998 0.9991443348631458 0.0000000000004002
9.2699999999999996 0.9991528416607970 0.0000000000003971
9.2799999999999994 0.9991612639570988 0.0000000000003937
9.2900000000000009 0.9991696025900316 0.0000000000003906
9.3000000000000007 0.9991778583892934 0.0000000000003872
9.3100000000000005 0.9991860321763814 0.0000000000003843
9.3200000000000003 0.9991941247646722 0.0000000000003811
9.3300000000000001 0.9992021369595018 0.0000000000003780
9.3399999999999999 0.9992100695582444 0.0000000000003750
9.3499999999999996 0.9992179233503909 0.0000000000003718
9.3599999999999994 0.9992256991176258 0.0000000000003689
9.3700000000000010 0.9992333976339044 0.0000000000003658
9.3800000000000008 0.9992410196655286 0.0000000000003628
9.3900000000000006 0.9992485659712219 0.0000000000003599
9.4000000000000004 0.9992560373022042 0.0000000000003569
9.4100000000000001 0.9992634344022656 0.0000000000003541
9.4199999999999999 0.9992707580078389 0.0000000000003510
9.4299999999999997 0.9992780088480725 0.0000000000003482
9.4399999999999995 0.9992851876449018 0.0000000000003453
9.4500000000000011 0.9992922951131203 0.0000000000003425
9.4600000000000009 0.9992993319604496 0.0000000000003397
9.4700000000000006 0.9993062988876091 0.0000000000003369
9.4800000000000004 0.9993131965883849 0.0000000000003341
9.4900000000000002 0.9993200257496980 0.0000000000003314
9.5000000000000000 0.9993267870516718 0.0000000000003287
9.5099999999999998 0.9993334811676990 0.0000000000003260
9.5199999999999996 0.9993401087645082 0.0000000000003234
9.5299999999999994 0.9993466705022288 0.0000000000003206
9.5400000000000009 0.9993531670344566 0.0000000000003180
9.5500000000000007 0.9993595990083178 0.0000000000003153
9.5600000000000005 0.9993659670645328 0.0000000000003127
9.5700000000000003 0.9993722718374792 0.0000000000003102
9.5800000000000001 0.9993785139552546 0.0000000000003075
9.5899999999999999 0.9993846940397378 0.0000000000003049
9.5999999999999996 0.9993908127066509 0.0000000000003025
9.6099999999999994 0.9993968705656191 0.0000000000002998
9.6200000000000010 0.9994028682202315 0.0000000000002973
9.6300000000000008 0.9994088062681000 0.0000000000002949
9.6400000000000006 0.9994146853009188 0.0000000000002924
9.6500000000000004 0.9994205059045220 0.0000000000002899
9.6600000000000001 0.9994262686589421 0.0000000000002876
9.6699999999999999 0.9994319741384666 0.0000000000002852
9.6799999999999997 0.9994376229116950 0.0000000000002829
9.6899999999999995 0.9994432155415947 0.0000000000002805
9.7000000000000011 0.9994487525855565 0.0000000000002782
9.7100000000000009 0.9994542345954500 0.0000000000002759
9.7200000000000006 0.9994596621176774 0.0000000000002736
9.7300000000000004 0.9994650356932280 0.0000000000002714
9.7400000000000002 0.9994703558577310 0.0000000000002690
9.7500000000000000 0.9994756231415091 0.0000000000002669
9.7599999999999998 0.9994808380696303 0.0000000000002645
9.7699999999999996 0.9994860011619600 0.0000000000002624
9.7799999999999994 0.9994911129332120 0.0000000000002601
9.7900000000000009 0.9994961738930001 0.0000000000002580
9.8000000000000007 0.9995011845458873 0.0000000000002558
9.8100000000000005 0.9995061453914369 0.0000000000002537
9.8200000000000003 0.9995110569242607 0.0000000000002515
9.8300000000000001 0.9995159196340687 0.0000000000002496
9.8399999999999999 0.9995207340057171 0.0000000000002474
9.8499999999999996 0.9995255005192563 0.0000000000002453
9.8599999999999994 0.9995302196499783 0.0000000000002433
9.8700000000000010 0.9995348918684640 0.0000000000002414
9.8800000000000008 0.9995395176406292 0.0000000000002394
9.8900000000000006 0.9995440974277711 0.0000000000002375
9.9000000000000004 0.9995486316866136 0.0000000000002353
9.9100000000000001 0.9995531208693528 0.0000000000002334
9.9199999999999999 0.9995575654237014 0.0000000000002316
9.9299999999999997 0.9995619657929334 0.0000000000002296
9.9399999999999995 0.9995663224159275 0.0000000000002276
9.9500000000000011 0.9995706357272106 0.0000000000002256
9.9600000000000009 0.9995749061570013 0.0000000000002238
9.9700000000000006 0.9995791341312517 0.0000000000002219
9.9800000000000004 0.9995833200716903 0.0000000000002201
9.9900000000000002 0.9995874643958631 0.0000000000002182
10.0000000000000000 0.9995915675171755 0.0000000000002164
